$ANSIBLE_VAULT;1.1;AES256
33343030626337323631363063316661656634653133323837636663636631616337633234393634
6562343132616463343063346461333634373634363633650a636638353765623764376434346566
30613161616335613265333031366564613339626239386633336363366232666436363831353062
3139323131353834390a383763353837386564316561323136386336383965363964376534613761
37336234386165383930383761663335613338333064363065366231303865376639353164366237
65633862616462383130343439373762326564663466386131623563666266356565326536656631
62313962623134386537346661383162366332616133313938663038396666313034386566343534
34376631313335663838383961383435336462396364613566636233363539666334313434373865
62646637363638353765326637663336343165323465373336653639306562343935303333326238
65376635666138373630623164396166313930353861363131343535353861633631653035313031
36343637346563363162306435373832336132333838383830613466343238383465616166396666
39366365626632343564313635336139656133626365323937663761316432626666653534323235
32643238306338383536396130626161646263613262373564653865383736316161316361656363
37346363333036316135323138376535633337616263623832383461326237333162326235356639
39393363313964646563393932313032393334373839333236393562633334613033663262653462
34353166303230363136313661316637643834333566303935306534313361663831633237363738
31393534393135356537656362373264353463326533636466646365666362616338333431646631
66303962313163613034333964353732646662656361653062613165386130613231333063353538
36316663306264343831383464323664303263633933633736646165346532653339383533333932
30376365666236623936356135653838373030663063396165353736323630633865336135626666
30323235656136306162343537306230303432623330366138386431343261623630663035656336
39653739313735343165353532346261326165303832366264633537653037396138366163333761
38353332343265646338303361353262616363363433653662383232333835376531646463363262
31323339663465666632356133623062626537623266343738383761663734623337383664656539
30656330653335366362376531386466366564363739353536663836313539316665386538326566
32343265343762643665393963636238383436376464356530643763383436383035333331666434
30613339343333643730663263663434303134663538366665373732326235316663323233393633
32666565343939303365633836663830616236323334393331393865376664353535346636646139
63653862373636343830613933323839656138313264383232393666313734616266393835343530
64383738653933363234333331663664353536316161333137396532386162643538336233353766
30353761633966316463303362396633363062656338633537313630383939353465313863323736
66313331653033396235333034663962316535303539343039633534306164343866636336323637
30343236623561623136393262346632626232633439303836326365613064323732343437373431
61633364333033313661646661383533616562343538626636623662636238353635393034313066
63633637343633373165663262663631356166653136643038393963613464643464376638653037
31626637613839333633623262353362386338333632326165363365623163306135313036633864
38356661326236666462656434363934303665373635663466363763393136363934663532316261
66653163396537623536633963333535666561383762613431633939333830626136356438346439
34306363346163363234363330656366376334366637396533653437623239383833386638613766
31373763303634616363633333613864653366636538636266363638356534663064323534616632
31313134363837356639653863383063653239333037383665316633306463623562356664393363
31343931626539356365626136656362353337666333393937663235316132666637323136336138
63316262316465623739326637666438663831303938623034613330313764613066353962656339
65313336616537396137363934653438343338626262646266313830373165393662356331333463
65326266306166346131323837363862336461633939323931613363373831353738643239666163
66633630666530666366366331646264376262383061663837656430663132343730383765353933
33613239393235333630656437663134303562326435303738613061323730653563633365653234
62623237616464653938373538386366653166393637616236373738363464383439353536643935
32613634326434633434653634386665653665646437666336303366366533343434656331653764
64663463646165306539323736396566643162653564343735376135396164663437333563623136
38643263323833643764316366363638623033623431323765346437336131376234643839643533
34326164663734306166343463323265306230633539396234633830306266646561363665636266
66373461623338663331656432636633336664366163643035393363333634373465336531383434
65633137346138316234613731616530626161343539366266313631343932323030333633353331
65393132346262323138613738636564343664336263653634356665303931613331393631383936
37663730643466313161616561363532393737653736646161336435643333613539663862626430
62376262323362353033356161623035373064623166393930646638633638666662376136336138
36613132643136343365636266303062343333346137343631613539333232303762383130353166
61313764656262643461386463653337336534333363623561343535616635323938343036313265
33323863393063323663613330393830613465633930663630643433353031666336616461346431
34343837363236306634333465646435333638366535366538313736626164646235396663626165
34343235663233313634396435346435643861663063313061383435313733643533623334356430
34393364326366626635393537393163306665306430343766306162626161313065363461303038
32636262383131653634666261643238343866663266653666396236333637633535653437626638
62383063386132363536633931356237636135623665306236623430356561646432373438313165
64323537346364643865663131643132346536363039613334633030303137316337306664306539
63636530363062366330353032346137303739653936343061663661303239353930616335386337
33653636303434623033633535363534633734373363373833373939663331343235333035333266
32386666666361373434613737396531326666663261326131386339653034653533
